832486130
834205938
362862690
362862690
813733952
813743296
814005440
814005456
278960224
813743296
815577298
817412338
295753826
295753826
813733952
813743296
814005440
814005456
278960224
813743296
815577298
817412338
295753826
295753826
813733952
813743296
814005440
814005456
278960224
813743296
815577298
817412338
295753826
295753826
813733952
813743296
814005440
814005456
278960224
813743296
815577298
817412338
295753826
295753826
813733952
813743296
814005440
814005456
278960224
813743296
815577298
817412338
295753826
295753826
813733952
813743296
814005440
814005456
278960224
813743296
815577298
817412338
295753826
295753826
813733952
813743296
814005440
814005456
278960224
813743296
815577298
817412338
295753826
295753826
813733952
813743296
814005440
814005456
278960224
813743296
815577298
817412338
295753826
295753826
813733952
813743296
814005440
814005456
278960224
813743296
815577298
817412338
295753826
295753826
813733952
813743296
814005440
814005456
278960224
813743296
815577298
817412338
295753826
295753826
813733952
813743296
814005440
814005456
278960224
813743296
815577298
817412338
295753826
295753826
813733952
813743296
814005440
814005456
278960224
813743296
815577298
817412338
295753826
295753826
813733952
813743296
814005440
814005456
278960224
813743296
815577298
817412338
295753826
295753826
813733952
813743296
814005440
814005456
278960224
813743296
815577298
817412338
295753826
295753826
813733952
813743296
814005440
814005456
278960224
813743296
815577298
817412338
295753826
295753826
813733952
813743296
814005440
814005456
278960224
813743296
815577298
817412338
295753826
295753826
813733952
813743296
814005440
814005456
278960224
813743296
815577298
817412338
295753826
295753826
813733952
813743296
814005440
814005456
278960224
813743296
815577298
817412338
295753826
295753826
813733952
813743296
814005440
814005456
278960224
813743296
815577298
817412338
295753826
295753826
813733952
813743296
814005440
814005456
278960224
813743296
