134251560
4195274
1077937098
1077937098
1207993388
1207992360
1207996460
1208254500
1086587842
1216644128
1212191020
1075876552
2147746752
263040
138711072
138712100
138708000
1220546600
3225682824
1212450084
671122472
71304138
1080034250
1077969610
1207993644
1207992616
1207996460
134513700
1082131138
1216349216
134775852
3225424840
71303882
2151678920
138444832
4489248
138706980
1086623776
1086587328
138706984
1212191016
2130634
3221521344
1074004866
1745130540
1207997484
1207997480
1207959596
3225682826
1216644388
134253612
1077937096
4195210
4195016
134250528
138706976
138709028
1220841504
1086587584
1220805664
671121704
71308234
1080034250
1077969866
1212450092
1207996712
1207996460
134513700
1082131394
1207993376
1212191788
1075872456
2147746496
263040
134254624
138708004
138708000
1220546600
3225682824
1220838692
134775848
2151683018
1145045962
3225420746
1212187692
1073774632
1207996460
1074036772
1086587074
134479912
134250796
1077937096
4195274
4195016
134512672
138711072
134512676
147099680
1086587840
1220838432
1749062696
69239498
3223618496
1074037634
1744868652
1207993644
1212191784
1207960620
3221226378
1216382244
134250796
1077941192
4195018
4195272
138706976
138706976
134512676
1220841504
1086587584
1212417056
134253608
4195274
1077937034
1077936842
1207993388
1207996456
1212192812
1208254500
1086587842
1216644128
1212716076
3223360200
2214855616
2147746688
138448928
4490276
134513696
12587048
3225682312
138707244
671121704
71304138
1080034250
1077969866
1208255788
1207996712
1212190764
1208255524
1082131138
1216349216
134251564
1077937096
4195018
4195272
134250528
138706976
134512676
1220841504
1086587840
1220838432
1212191016
2134730
3221521344
1074004610
1749324844
1207993388
1212191784
134217772
3225682826
1208255780
134251564
1077937096
4195274
4195272
134250528
138711072
134512676
1220841504
1086587584
1220805664
671646760
2218791882
1147143114
3225453514
1212187948
1073774888
1207996460
1074037796
1082130882
134250536
1212193068
1075872456
2147746432
262784
134516768
138708004
138710048
1220546600
3225682824
1220838692
